{
    "calibration_date": "2024-11-25 16:17:34.290258",
    "camera_resolution": {
        "type_id": "opencv-matrix",
        "rows": 2,
        "cols": 1,
        "dt": "d",
        "data": [ 720.0, 1280.0 ]
    },
    "camera_matrix": {
        "type_id": "opencv-matrix",
        "rows": 3,
        "cols": 3,
        "dt": "d",
        "data": [ 1.2914270197198475e+03, 0.0, 6.3649321429242104e+02,
            0.0, 1.2934309732874822e+03, 3.8171437709474617e+02, 0.0,
            0.0, 1.0 ]
    },
    "distortion_coefficients": {
        "type_id": "opencv-matrix",
        "rows": 1,
        "cols": 5,
        "dt": "d",
        "data": [ 1.1776977148625378e-03, 1.2249364336634430e-01,
            1.1892935212437849e-02, -6.5921593469655164e-03,
            -5.5169658989255155e-01 ]
    }
}
