{
    "calibration_date": "2024-10-21 18:01:55.594978",
    "camera_resolution": {
        "type_id": "opencv-matrix",
        "rows": 2,
        "cols": 1,
        "dt": "d",
        "data": [ 720.0, 1280.0 ]
    },
    "camera_matrix": {
        "type_id": "opencv-matrix",
        "rows": 3,
        "cols": 3,
        "dt": "d",
        "data": [ 5.5608132541055820e+03, 0.0, 4.3081928325808678e+02,
            0.0, 3.0249583315185014e+03, 6.4930998928251370e+02, 0.0,
            0.0, 1.0 ]
    },
    "distortion_coefficients": {
        "type_id": "opencv-matrix",
        "rows": 1,
        "cols": 5,
        "dt": "d",
        "data": [ 2.6374542185672087e+00, 1.0279228317431896e+01,
            9.2081830739264348e-02, -8.9646249386989299e-02,
            -3.0806107231755402e+02 ]
    }
}
