{
    "calibration_date": "2024-11-20 19:52:47.603402",
    "camera_resolution": {
        "type_id": "opencv-matrix",
        "rows": 2,
        "cols": 1,
        "dt": "d",
        "data": [ 720.0, 1280.0 ]
    },
    "camera_matrix": {
        "type_id": "opencv-matrix",
        "rows": 3,
        "cols": 3,
        "dt": "d",
        "data": [ 1.6307654105338986e+03, 0.0, 6.4913571090392315e+02,
            0.0, 1.6310008442784913e+03, 3.5216357050239196e+02, 0.0,
            0.0, 1.0 ]
    },
    "distortion_coefficients": {
        "type_id": "opencv-matrix",
        "rows": 1,
        "cols": 5,
        "dt": "d",
        "data": [ 2.8005424493988651e-01, -2.0198285177604012e+00,
            7.0997505723212262e-03, 1.4011429317663246e-04,
            3.3162212962833495e+00 ]
    }
}
