{
  "calibration_date": "2024-11-20 19:14:18.037038",
  "camera_resolution": {
    "type_id": "opencv-matrix",
    "rows": 2,
    "cols": 1,
    "dt": "d",
    "data": [
      720.0,
      1280.0
    ]
  },
  "camera_matrix": {
    "type_id": "opencv-matrix",
    "rows": 3,
    "cols": 3,
    "dt": "d",
    "data": [
      1.1238136956489520e+03,
      0.0,
      6.4349088296292166e+02,
      0.0,
      1.1246206832028111e+03,
      4.3186794817989073e+02,
      0.0,
      0.0,
      1.0
    ]
  },
  "distortion_coefficients": {
    "type_id": "opencv-matrix",
    "rows": 1,
    "cols": 5,
    "dt": "d",
    "data": [
      3.4858256136234458e-02,
      -8.5079621741603620e-02,
      7.7248894472425741e-03,
      -2.7792740001883380e-03,
      2.6452464148592928e-02
    ]
  }
}
