{
    "calibration_date": "2024-10-23 19:47:23.698000",
    "camera_resolution": {
        "type_id": "opencv-matrix",
        "rows": 2,
        "cols": 1,
        "dt": "d",
        "data": [ 720.0, 1280.0 ]
    },
    "camera_matrix": {
        "type_id": "opencv-matrix",
        "rows": 3,
        "cols": 3,
        "dt": "d",
        "data": [ 9.6636429868712389e+02, 0.0, 6.6711287660307926e+02,
            0.0, 9.6767945219350997e+02, 4.5159327661093243e+02, 0.0,
            0.0, 1.0 ]
    },
    "distortion_coefficients": {
        "type_id": "opencv-matrix",
        "rows": 1,
        "cols": 5,
        "dt": "d",
        "data": [ 1.6637601460103507e-01, -1.8773312185312593e-01,
            1.2116557613931550e-02, 2.4321832761032944e-03,
            -4.3577731916531739e-03 ]
    }
}
